  I      S           RS          UE        DELS        THETA        VW          CF         RTHETA
  1  0.0000E+00  0.0000E+00  0.1013E+01  0.0000E+00  0.0000E+00  0.1232E+01  0.0000E+00  0.0000E+00
  2  0.2067E-01  0.3175E+05  0.5119E+00  0.1999E-03  0.1#IOE+01  0.0000E+00  0.3044E-02  0.1#IOE+01
  3  0.4131E-01  0.1055E+06  0.8510E+00  0.1661E-03  0.1#IOE+01  0.0000E+00  0.4198E-02  0.1#IOE+01
  4  0.6193E-01  0.1659E+06  0.8928E+00  0.1729E-03  0.1#IOE+01  0.0000E+00  0.3131E-02  0.1#IOE+01
  5  0.8253E-01  0.2311E+06  0.9334E+00  0.2118E-03  0.1#IOE+01  0.0000E+00  0.2304E-02  0.1#IOE+01
  6  0.1031E+00  0.2988E+06  0.9660E+00  0.2139E-03  0.1#IOE+01  0.0000E+00  0.2820E-02  0.1#IOE+01
  7  0.1237E+00  0.3679E+06  0.9915E+00  0.2249E-03  0.1#IOE+01  0.0000E+00  0.3728E-02  0.1#IOE+01
  8  0.1442E+00  0.4392E+06  0.1015E+01  0.2549E-03  0.1#IOE+01  0.0000E+00  0.4359E-02  0.1#IOE+01
  9  0.1648E+00  0.5127E+06  0.1037E+01  0.2961E-03  0.1#IOE+01  0.0000E+00  0.4443E-02  0.1#IOE+01
 10  0.1853E+00  0.5877E+06  0.1057E+01  0.3376E-03  0.1#IOE+01  0.0000E+00  0.4407E-02  0.1#IOE+01
 11  0.2058E+00  0.6640E+06  0.1075E+01  0.3789E-03  0.1#IOE+01  0.0000E+00  0.4289E-02  0.1#IOE+01
 12  0.2263E+00  0.7416E+06  0.1092E+01  0.4182E-03  0.1#IOE+01  0.0000E+00  0.4153E-02  0.1#IOE+01
 13  0.2468E+00  0.8204E+06  0.1108E+01  0.4552E-03  0.1#IOE+01  0.0000E+00  0.4069E-02  0.1#IOE+01
 14  0.2672E+00  0.9004E+06  0.1123E+01  0.4906E-03  0.1#IOE+01  0.0000E+00  0.3982E-02  0.1#IOE+01
 15  0.2877E+00  0.9814E+06  0.1137E+01  0.5247E-03  0.1#IOE+01  0.0000E+00  0.3918E-02  0.1#IOE+01
 16  0.3082E+00  0.1064E+07  0.1151E+01  0.5578E-03  0.1#IOE+01  0.0000E+00  0.3838E-02  0.1#IOE+01
 17  0.3286E+00  0.1147E+07  0.1163E+01  0.5894E-03  0.1#IOE+01  0.0000E+00  0.3791E-02  0.1#IOE+01
 18  0.3490E+00  0.1231E+07  0.1176E+01  0.6197E-03  0.1#IOE+01  0.0000E+00  0.3741E-02  0.1#IOE+01
 19  0.3695E+00  0.1318E+07  0.1189E+01  0.6484E-03  0.1#IOE+01  0.0000E+00  0.3703E-02  0.1#IOE+01
 20  0.3899E+00  0.1404E+07  0.1200E+01  0.6776E-03  0.1#IOE+01  0.0000E+00  0.3649E-02  0.1#IOE+01
 21  0.4103E+00  0.1491E+07  0.1211E+01  0.7071E-03  0.1#IOE+01  0.0000E+00  0.3607E-02  0.1#IOE+01
 22  0.4307E+00  0.1578E+07  0.1221E+01  0.7368E-03  0.1#IOE+01  0.0000E+00  0.3563E-02  0.1#IOE+01
 23  0.4511E+00  0.1666E+07  0.1231E+01  0.7661E-03  0.1#IOE+01  0.0000E+00  0.3525E-02  0.1#IOE+01
 24  0.4715E+00  0.1754E+07  0.1240E+01  0.7956E-03  0.1#IOE+01  0.0000E+00  0.3488E-02  0.1#IOE+01
 25  0.4920E+00  0.1842E+07  0.1248E+01  0.8253E-03  0.1#IOE+01  0.0000E+00  0.3451E-02  0.1#IOE+01
 26  0.5124E+00  0.1930E+07  0.1256E+01  0.8554E-03  0.1#IOE+01  0.0000E+00  0.3416E-02  0.1#IOE+01
 27  0.5328E+00  0.2018E+07  0.1263E+01  0.8865E-03  0.1#IOE+01  0.0000E+00  0.3377E-02  0.1#IOE+01
 28  0.5532E+00  0.2106E+07  0.1269E+01  0.9195E-03  0.1#IOE+01  0.0000E+00  0.3337E-02  0.1#IOE+01
 29  0.5736E+00  0.2190E+07  0.1273E+01  0.9595E-03  0.1#IOE+01  0.0000E+00  0.3283E-02  0.1#IOE+01
 30  0.5940E+00  0.2264E+07  0.1270E+01  0.1021E-02  0.1#IOE+01  0.0000E+00  0.3152E-02  0.1#IOE+01
 31  0.6144E+00  0.2312E+07  0.1254E+01  0.1149E-02  0.1#IOE+01  0.0000E+00  0.2832E-02  0.1#IOE+01
 32  0.6348E+00  0.2278E+07  0.1196E+01  0.1385E-02  0.1#IOE+01  0.0000E+00  0.2455E-02  0.1#IOE+01
 33  0.6553E+00  0.2274E+07  0.1157E+01  0.1601E-02  0.1#IOE+01  0.0000E+00  0.2337E-02  0.1#IOE+01
 34  0.6757E+00  0.2335E+07  0.1152E+01  0.1711E-02  0.1#IOE+01  0.0000E+00  0.2387E-02  0.1#IOE+01
 35  0.6961E+00  0.2366E+07  0.1133E+01  0.1814E-02  0.1#IOE+01  0.0000E+00  0.2373E-02  0.1#IOE+01
 36  0.7166E+00  0.2424E+07  0.1128E+01  0.1895E-02  0.1#IOE+01  0.0000E+00  0.2401E-02  0.1#IOE+01
 37  0.7371E+00  0.2473E+07  0.1119E+01  0.1987E-02  0.1#IOE+01  0.0000E+00  0.2367E-02  0.1#IOE+01
 38  0.7575E+00  0.2508E+07  0.1103E+01  0.2121E-02  0.1#IOE+01  0.0000E+00  0.2272E-02  0.1#IOE+01
 39  0.7780E+00  0.2538E+07  0.1087E+01  0.2280E-02  0.1#IOE+01  0.0000E+00  0.2186E-02  0.1#IOE+01
 40  0.7985E+00  0.2565E+07  0.1071E+01  0.2458E-02  0.1#IOE+01  0.0000E+00  0.2096E-02  0.1#IOE+01
 41  0.8190E+00  0.2587E+07  0.1053E+01  0.2663E-02  0.1#IOE+01  0.0000E+00  0.1994E-02  0.1#IOE+01
 42  0.8395E+00  0.2604E+07  0.1034E+01  0.2905E-02  0.1#IOE+01  0.0000E+00  0.1873E-02  0.1#IOE+01
 43  0.8600E+00  0.2613E+07  0.1013E+01  0.3201E-02  0.1#IOE+01  0.0000E+00  0.1728E-02  0.1#IOE+01
 44  0.8805E+00  0.2614E+07  0.9896E+00  0.3538E-02  0.1#IOE+01  0.0000E+00  0.1601E-02  0.1#IOE+01
 45  0.9011E+00  0.2627E+07  0.9720E+00  0.3844E-02  0.1#IOE+01  0.0000E+00  0.1546E-02  0.1#IOE+01
 46  0.9216E+00  0.2649E+07  0.9581E+00  0.4389E-02  0.1#IOE+01  0.0000E+00  0.1184E-02  0.1#IOE+01
 47  0.9422E+00  0.2536E+07  0.8971E+00  0.5596E-02  0.1#IOE+01  0.0000E+00  0.6681E-03  0.1#IOE+01
 48  0.9628E+00  0.2536E+07  0.8779E+00  0.6752E-02  0.1#IOE+01  0.0000E+00  0.5141E-03  0.1#IOE+01
 49  0.9834E+00  0.2514E+07  0.8520E+00  0.0000E+00  0.0000E+00  0.0000E+00  0.0000E+00  0.0000E+00
